13 0.02333 0.36333 0.02333 0.36667 0.02000 0.37000 0.01000 0.37000 0.00667 0.37333 0.00000 0.37333 0.00000 0.44667 0.03667 0.44667 0.04000 0.44333 0.05000 0.44333 0.05333 0.44000 0.05667 0.44000 0.06000 0.43667 0.06333 0.43667 0.06667 0.43333 0.06667 0.41333 0.06333 0.41000 0.06333 0.40667 0.06000 0.40333 0.06000 0.40000 0.04667 0.38667 0.04333 0.38667 0.03333 0.37667 0.03333 0.36333
5 0.65000 0.27333 0.64667 0.27667 0.64333 0.27667 0.64000 0.28000 0.64000 0.31667 0.64333 0.32000 0.66667 0.32000 0.66667 0.31333 0.67000 0.31000 0.67000 0.29667 0.67333 0.29333 0.67333 0.28000 0.67000 0.27667 0.66333 0.27667 0.66000 0.27333
5 0.28000 0.29333 0.27333 0.30000 0.27333 0.30333 0.26667 0.31000 0.26667 0.31667 0.26333 0.32000 0.27000 0.32000 0.27333 0.32333 0.28333 0.32333 0.28667 0.32667 0.29000 0.32333 0.29667 0.32333 0.29667 0.32000 0.30000 0.31667 0.30000 0.31333 0.29667 0.31000 0.29667 0.30333 0.28667 0.29333
5 0.55333 0.26333 0.55333 0.27333 0.55000 0.27667 0.55000 0.30333 0.56333 0.30333 0.56667 0.30000 0.56667 0.26333
5 0.31333 0.29667 0.31000 0.30000 0.30667 0.30000 0.30667 0.31667 0.31000 0.32000 0.31333 0.32000 0.31667 0.32333 0.32000 0.32000 0.33000 0.32000 0.33667 0.31333 0.33667 0.30333 0.33333 0.30000 0.32333 0.30000 0.32000 0.29667
5 0.51333 0.27333 0.51000 0.27667 0.51000 0.29667 0.51333 0.30000 0.51667 0.30000 0.52000 0.30333 0.52667 0.29667 0.52667 0.28000 0.52333 0.27667 0.52333 0.27333
16 0.19333 0.13000 0.19000 0.13333 0.17000 0.13333 0.17000 0.15667 0.17333 0.16000 0.17333 0.17000 0.17667 0.17333 0.17667 0.18333 0.18000 0.18667 0.18000 0.19333 0.18333 0.19667 0.18333 0.20333 0.18667 0.20667 0.18667 0.21667 0.19000 0.22000 0.19000 0.23000 0.19333 0.23333 0.19333 0.24000 0.19667 0.24333 0.19667 0.25333 0.20000 0.25667 0.20000 0.26333 0.20333 0.26667 0.20333 0.28000 0.20667 0.28333 0.20667 0.28667 0.21000 0.29000 0.21667 0.29000 0.22000 0.29333 0.25333 0.29333 0.25333 0.28333 0.25000 0.28000 0.25000 0.26667 0.24667 0.26333 0.24667 0.25333 0.24333 0.25000 0.24333 0.24000 0.24000 0.23667 0.24000 0.22333 0.23667 0.22000 0.23667 0.21000 0.23333 0.20667 0.23333 0.19333 0.23000 0.19000 0.23000 0.17667 0.22667 0.17333 0.22667 0.16333 0.22333 0.16000 0.22333 0.15000 0.22000 0.14667 0.22000 0.13667 0.21667 0.13333 0.21667 0.13000
1 0.43333 0.29333 0.43000 0.29667 0.43000 0.30333 0.43333 0.30667 0.46000 0.30667 0.46333 0.31000 0.49000 0.31000 0.49333 0.31333 0.53333 0.31333 0.53667 0.31667 0.55667 0.31667 0.56000 0.32000 0.59000 0.32000 0.59333 0.32333 0.62000 0.32333 0.62333 0.32667 0.66667 0.32667 0.67000 0.33000 0.70333 0.33000 0.70667 0.33333 0.73667 0.33333 0.74000 0.33667 0.76667 0.33667 0.77000 0.34000 0.77333 0.34000 0.77333 0.33667 0.77667 0.33333 0.77667 0.32333 0.77333 0.32000 0.75333 0.32000 0.75000 0.31667 0.74667 0.32000 0.74333 0.31667 0.73667 0.31667 0.73333 0.31333 0.69000 0.31333 0.68667 0.31000 0.68000 0.31000 0.67667 0.31333 0.67000 0.31333 0.67000 0.31667 0.66333 0.32333 0.64667 0.32333 0.64333 0.32000 0.64000 0.32000 0.63667 0.31667 0.63667 0.31000 0.63333 0.30667 0.59000 0.30667 0.58667 0.30333 0.56667 0.30333 0.56333 0.30667 0.55000 0.30667 0.54667 0.30333 0.53333 0.30333 0.53000 0.30000 0.52667 0.30333 0.51333 0.30333 0.50667 0.29667 0.47667 0.29667 0.47333 0.29333
8 0.56333 0.22000 0.56000 0.22333 0.56000 0.23000 0.55667 0.23333 0.55667 0.23667 0.55333 0.24000 0.55333 0.24667 0.55667 0.25000 0.55667 0.25333 0.55333 0.25667 0.55333 0.27000 0.55000 0.27333 0.55000 0.30333 0.56333 0.30333 0.56667 0.30000 0.56667 0.28000 0.57000 0.27667 0.57000 0.27333 0.56667 0.27000 0.56667 0.26333 0.57000 0.26000 0.57000 0.24667 0.57333 0.24333 0.57000 0.24000 0.57000 0.22000
8 0.40333 0.27333 0.40333 0.28000 0.40667 0.28333 0.40667 0.29000 0.41000 0.29333 0.42000 0.29333 0.42333 0.29667 0.43333 0.29667 0.43333 0.28667 0.43000 0.28333 0.43000 0.28000 0.42333 0.27333
8 0.56333 0.22000 0.56000 0.22333 0.56000 0.23000 0.55667 0.23333 0.55667 0.25667 0.56000 0.26000 0.56667 0.26000 0.56667 0.25667 0.57000 0.25333 0.57000 0.24667 0.57333 0.24333 0.57000 0.24000 0.57000 0.22000
